phasespace                = 0.000000       -1.000000      0.000000       500.000000     
wave_omega782pi_mag       = 0.102046       -1.000000      0.000000       0.500000       
wave_omega782pi_phase     = 8.066140       -1.000000      -12.566400     12.566400      
wave_rho1450pi_mag        = 0.800025       -1.000000      0.000000       2.000000       
wave_rho1450pi_phase      = -3.034010      -1.000000      -12.566400     12.566400      
wave_rho1690pi_mag        = 0.004354       -1.000000      0.000000       0.500000       
wave_rho1690pi_phase      = 1.438700       -1.000000      -12.566400     12.566400      
wave_rho1700pi_mag        = 0.308972       -1.000000      0.000000       2.000000       
wave_rho1700pi_phase      = 6.030600       -1.000000      -12.566400     12.566400      
wave_rho770pi_mag         = 1.000000       -1.000000      0.000000       0.000000       
wave_rho770pi_phase       = 0.000000       -1.000000      0.000000       0.000000       
