omega782_mass             = 0.782650       -1.000000      0.000000       0.000000       
omega782_width            = 0.008490       -1.000000      0.000000       0.000000       
rho1450_mass              = 1.465000       -1.000000      0.000000       0.000000       
rho1450_width             = 0.400000       -1.000000      0.000000       0.000000       
rho1690_mass              = 1.688800       -1.000000      0.000000       0.000000       
rho1690_width             = 0.161000       -1.000000      0.000000       0.000000       
rho1700_mass              = 1.720000       -1.000000      0.000000       0.000000       
rho1700_width             = 0.250000       -1.000000      0.000000       0.000000       
rho770_mass               = 0.775185       -1.000000      0.000000       0.000000       
rho770_width              = 0.148450       -1.000000      0.000000       0.000000       
