
MnUserCovariance: 

   0.00185294 -3.44483e-05    0.0016317  -0.00129616  4.71199e-05  9.74889e-05  1.84079e-06  0.000341764
 -3.44483e-05   0.00714749  0.000148977   0.00283637 -0.000228822 -0.000454317 -4.22547e-06  -0.00256648
    0.0016317  0.000148977   0.00351756  -0.00111321  0.000123264  0.000174092 -4.21464e-06 -0.000741058
  -0.00129616   0.00283637  -0.00111321   0.00534758 -9.94941e-05  0.000229631  1.58188e-05   0.00283258
  4.71199e-05 -0.000228822  0.000123264 -9.94941e-05  2.48951e-05  5.34026e-05  8.47348e-08  5.84514e-05
  9.74889e-05 -0.000454317  0.000174092  0.000229631  5.34026e-05   0.00072805  3.13986e-06  0.000788914
  1.84079e-06 -4.22547e-06 -4.21464e-06  1.58188e-05  8.47348e-08  3.13986e-06  1.81298e-07  2.95166e-05
  0.000341764  -0.00256648 -0.000741058   0.00283258  5.84514e-05  0.000788914  2.95166e-05   0.00849116

MnUserCovariance Parameter correlations: 

            1  -0.00946588     0.639131    -0.411765      0.21939    0.0839353     0.100433    0.0861614
  -0.00946588            1    0.0297112     0.458783    -0.542455     -0.19916    -0.117382    -0.329441
     0.639131    0.0297112            1    -0.256671     0.416542     0.108787    -0.166895    -0.135596
    -0.411765     0.458783    -0.256671            1    -0.272685     0.116378     0.508039     0.420358
      0.21939    -0.542455     0.416542    -0.272685            1     0.396666    0.0398848     0.127132
    0.0839353     -0.19916     0.108787     0.116378     0.396666            1     0.273296     0.317297
     0.100433    -0.117382    -0.166895     0.508039    0.0398848     0.273296            1      0.75229
    0.0861614    -0.329441    -0.135596     0.420358     0.127132     0.317297      0.75229            1

