
Minuit did successfully converge.
# of function calls: 871
minimum function Value: -4766.46917733
minimum edm: 0.02280701465481
minimum internal state vector: LAVector parameters:
      3.266345683055
     0.8638796105506
      6.119761126443
     0.6787350139663
    -0.1691221903046
    -0.8644786314198
     -1.819566703084
      1.072248532926

minimum internal covariance matrix: LASymMatrix parameters:
   0.0037641524  8.5074903e-06  -0.0033333776  0.00026710442 -0.00038541072 -2.4093145e-05  6.0280034e-05 -0.00011464882
  8.5074903e-06  0.00021459198  3.6998853e-05  7.1057878e-05 -0.00022753237 -1.3649715e-05  1.6821705e-05 -0.00010466644
  -0.0033333776  3.6998853e-05   0.0072263995 -0.00023069342   0.0010138955  4.3266609e-05  0.00013879236 -0.00024999548
  0.00026710442  7.1057878e-05 -0.00023069342  0.00011178832 -8.2552938e-05  5.7568538e-06 -5.2548156e-05  9.6391847e-05
 -0.00038541072 -0.00022753237   0.0010138955 -8.2552938e-05  0.00081987165  5.3138969e-05 -1.1172304e-05   7.894969e-05
 -2.4093145e-05 -1.3649715e-05  4.3266609e-05  5.7568538e-06  5.3138969e-05  2.1889251e-05 -1.2508655e-05  3.2196148e-05
  6.0280034e-05  1.6821705e-05  0.00013879236 -5.2548156e-05 -1.1172304e-05 -1.2508655e-05  9.5702682e-05 -0.00015961383
 -0.00011464882 -0.00010466644 -0.00024999548  9.6391847e-05   7.894969e-05  3.2196148e-05 -0.00015961383  0.00047037694


# ext. ||   Name    ||   type  ||     Value     ||  Error +/- 

   0   ||phasespace ||  fixed  ||                   0 ||
   1   ||wave_rho770pi_mag ||  fixed  ||                   1 ||
   2   ||wave_rho770pi_phase ||  fixed  ||                   0 ||
   3   ||rho770_mass ||  fixed  ||     0.7751849889755 ||
   4   ||rho770_width ||  fixed  ||     0.1484500020742 ||
   5   ||wave_rho1450pi_mag || limited ||     0.8755703140027 ||0.04303224763356
   6   ||wave_rho1450pi_phase || limited ||      9.555088822131 ||0.08454130288703
   7   ||rho1450_mass ||  fixed  ||      1.465000033379 ||
   8   ||rho1450_width ||  fixed  ||     0.4000000059605 ||
   9   ||wave_rho1700pi_mag || limited ||     0.8373022893481 ||0.05927328144981
  10   ||wave_rho1700pi_phase || limited ||      7.889297525826 ||0.0731264925778
  11   ||rho1700_mass ||  fixed  ||       1.72000002861 ||
  12   ||rho1700_width ||  fixed  ||                0.25 ||
  13   ||wave_omega782pi_mag || limited ||     0.2079207179669 ||0.004989161042724
  14   ||wave_omega782pi_phase || limited ||     -9.559976184928 ||0.02698235661782
  15   ||omega782_mass ||  fixed  ||     0.7826499938965 ||
  16   ||omega782_width ||  fixed  ||    0.00848999992013 ||
  17   ||wave_rho1690pi_mag || limited ||   0.007696024269199 ||0.0004257880599639
  18   ||wave_rho1690pi_phase || limited ||      11.03679053837 ||0.09214389384011
  19   ||rho1690_mass ||  fixed  ||      1.688799977303 ||
  20   ||rho1690_width ||  fixed  ||     0.1609999984503 ||





